# GIMP colorrc
# 
# This file holds a list of recently used colors.

(color-history
    (color-rgba 0 0 0 6.9398432040218075e-310)
    (color-rgba 0.16029191372906759 0.299184136793407 0.58252427184466016 1)
    (color-rgba 0.24167696926880963 0.45108897730019115 0.87828947368421051 1)
    (color-rgba 0.057422288943836122 0.35124979084942981 0.95065789473684215 1)
    (color-rgba 0.39802631578947367 0.30468837146070765 0.096167432002825848 1)
    (color-rgba 0.94174757281553401 0.8773242430706798 0.8594589499481573 1)
    (color-rgba 0 0 0 1)
    (color-rgba 0.94174757281553401 0.89879868631896465 0.8868884909039495 1)
    (color-rgba 0.94174757281553401 0.87016609532125155 0.8503157696295599 1)
    (color-rgba 0.94174757281553401 0.8916405385695364 0.8777453105853521 1)
    (color-rgba 0.970873786407767 0.91921705007168697 0.90489207276840422 1)
    (color-rgba 0.92233009708737868 0.87325619756810258 0.85964746912998402 1)
    (color-rgba 0.98058252427184467 0.89114257507280314 0.86633990008483364 1)
    (color-rgba 0.98058252427184467 0.816609284073602 0.77113771326232439 1)
    (color-rgba 0.98058252427184467 0.92095589147248369 0.90442077481383731 1)
    (color-rgba 0.91776315789473684 0.8619564048086491 0.84648058252427183 1)
    (color-rgba 0.91776315789473684 0.85914261893876231 0.84648058252427183 1)
    (color-rgba 0.91776315789473684 0.85351504719898885 0.84648058252427183 1)
    (color-rgba 0.91776315789473684 0.86617708361347923 0.84648058252427183 1)
    (color-rgba 0.91776315789473684 0.90046156193103177 0.84648058252427183 1)
    (color-rgba 0.91776315789473684 0.9069496604174212 0.87321154828819625 1)
    (color-rgba 0.91776315789473684 0.91776315789473684 0.91776315789473684 1)
    (color-rgba 0.91776315789473684 0.87302585101042962 0.84384934652066412 1)
    (color-rgba 0.88896608352661133 0.84581239015153309 0.87849188610547591 1)
    (color-rgba 0.88896608352661133 0.88841509852606593 0.84581239015153309 1)
    (color-rgba 0.88753044302738482 0.88815789473684215 0.79278523489932895 1)
    (color-rgba 0.88815789473684215 0.86431472977746382 0.79278523489932895 1)
    (color-rgba 0 0.80263157894736814 1 1)
    (color-rgba 1 1 1 1)
    (color-rgba 0.27960526315789469 0.27960526315789469 0.27960526315789469 1)
    (color-rgba 0.38815789473684215 0.38815789473684215 0.38815789473684215 1)
    (color-rgba 0.30921052631578949 0.30921052631578949 0.30921052631578949 1)
    (color-rgba 0.32894736842105265 0.32894736842105265 0.32894736842105265 1)
    (color-rgba 0.25 0.21140939597315436 0.21140939597315436 1)
    (color-rgba 1 1 1 6.9283015190625342e-310)
    (color-rgba 0.14473684210526316 0.14473684210526316 0.14473684210526316 1)
    (color-rgba 0.99342105263157876 0 1 1)
    (color-rgba 0.22697368421052633 0.22697368421052633 0.22697368421052633 1)
    (color-rgba 0.0039215688593685627 0.54509806632995605 0.38823533058166504 1)
    (color-rgba 0.91776315789473684 0.72489964607024282 0.10471123277993637 1)
    (color-rgba 0.91118421052631582 0.75451795605304639 0.25072854115153659 1)
    (color-rgba 0.91372555494308472 0.7137255072593689 0.070588238537311554 1)
    (color-rgba 0.74901962280273438 0.74901962280273438 0.74901962280273438 1)
    (color-rgba 0.82745105028152466 0.61568629741668701 0.019607843831181526 1)
    (color-rgba 0.93333339691162109 0.729411780834198 0.050980396568775177 1)
    (color-rgba 0.65882354974746704 0.66274511814117432 0.79215693473815918 1)
    (color-rgba 0.52941179275512695 0.53333336114883423 0.63921570777893066 1)
    (color-rgba 0.87058830261230469 0.65490198135375977 0.023529414087533951 1)
    (color-rgba 0.93333339691162109 0.729411780834198 0.047058828175067902 1)
    (color-rgba 0.64705884456634521 0.64313727617263794 0.65098041296005249 1)
    (color-rgba 0.6470588235294118 0.64313725490196083 0.65098039215686276 6.952856621839053e-310))

# end of colorrc
